QCD	800	810	-0.154961	0.0421179
TT	800	810	0.00742053	0.00458534
WJets	800	810	0	0
DY	800	810	0.14754	0.0418676
QCD	810	820	-0.251946	0.0606207
TT	810	820	0.00257459	0.00285536
WJets	810	820	0.0443747	0.0316868
DY	810	820	0.204997	0.051601
QCD	820	830	0.864236	1.00095
TT	820	830	0	0
WJets	820	830	0.00708202	0.0124502
DY	820	830	0.128682	0.041827
QCD	830	840	-0.246389	0.0577578
TT	830	840	0.0037784	0.00345907
WJets	830	840	0.00598112	0.0114416
DY	830	840	0.236629	0.0565074
QCD	840	850	-0.186104	0.0500454
TT	840	850	0.00668043	0.0039794
WJets	840	850	0.0222165	0.0220513
DY	840	850	0.157207	0.0447486
QCD	850	860	-0.260191	0.0586267
TT	850	860	0	0
WJets	850	860	0.00705521	0.0124266
DY	850	860	0.253136	0.0572946
QCD	860	870	-0.284305	0.0646614
TT	860	870	0.00335856	0.00326124
WJets	860	870	0	0
DY	860	870	0.280946	0.0645791
QCD	870	880	0.770326	1.00151
TT	870	880	0.000453987	0.000883022
WJets	870	880	0.00354253	0.00880548
DY	870	880	0.225677	0.0543114
QCD	880	890	-0.252311	0.0590879
TT	880	890	0.00287936	0.00301963
WJets	880	890	0	0
DY	880	890	0.249432	0.0590107
QCD	890	900	-0.310494	0.068983
TT	890	900	0.0153033	0.00677988
WJets	890	900	0.045219	0.0318661
DY	890	900	0.249972	0.0608049
QCD	900	910	-0.293995	0.0676471
TT	900	910	0.00199149	0.00184944
WJets	900	910	0.0331229	0.0269253
DY	900	910	0.258881	0.0620301
QCD	910	920	0.81908	1.00137
TT	910	920	0.00701949	0.00413665
WJets	910	920	0.00265787	0.00762717
DY	910	920	0.171242	0.0516574
QCD	920	930	0.742001	1.00199
TT	920	930	0.00450034	0.00339185
WJets	920	930	0.00177349	0.00623033
DY	920	930	0.251725	0.0627893
QCD	930	940	-0.950201	2.15455
TT	930	940	1.65808	1.9075
WJets	930	940	0.0364331	0.0259231
DY	930	940	0.25569	0.0535376
QCD	940	950	-0.206895	0.0500353
TT	940	950	0.00847697	0.00493668
WJets	940	950	0.0320556	0.026488
DY	940	950	0.166362	0.042161
QCD	950	960	1.5727	1.41665
TT	950	960	0.00381561	0.00347606
WJets	950	960	0.0249519	0.0233694
DY	950	960	0.398531	0.0795379
QCD	960	970	-0.22542	0.0557714
TT	960	970	0.00904215	0.00454359
WJets	960	970	0.0187584	0.0202626
DY	960	970	0.197619	0.0517613
QCD	970	980	0.600177	1.00255
TT	970	980	0	0
WJets	970	980	0.022939	0.022407
DY	970	980	0.376884	0.0678506
QCD	980	990	-0.280597	0.0586959
TT	980	990	0.00260123	0.00287009
WJets	980	990	0.0244277	0.023366
DY	980	990	0.253568	0.0537681
QCD	990	1000	1.59531	1.4164
TT	990	1000	0.0110207	0.00545877
WJets	990	1000	0.0694953	0.0397433
DY	990	1000	0.324171	0.0676026
QCD	1000	1010	-0.308862	0.0686646
TT	1000	1010	0.0100324	0.00563648
WJets	1000	1010	0.0626196	0.0373735
DY	1000	1010	0.23621	0.057326
QCD	1010	1020	0.790246	1.00111
TT	1010	1020	0.0065125	0.0045413
WJets	1010	1020	0.0200214	0.0214906
DY	1010	1020	0.18322	0.0417995
QCD	1020	1030	-0.176119	0.0502091
TT	1020	1030	0.00650633	0.00453914
WJets	1020	1030	0.0500103	0.0330846
DY	1020	1030	0.119602	0.0374935
QCD	1030	1040	-0.37889	0.0706796
TT	1030	1040	0	0
WJets	1030	1040	0	0
DY	1030	1040	0.37889	0.0706796
QCD	1040	1050	-0.298287	0.0638618
TT	1040	1050	0.00676444	0.0046283
WJets	1040	1050	0	0
DY	1040	1050	0.291523	0.0636938
QCD	1050	1060	1.7414	1.41544
TT	1050	1060	0.00858625	0.00521444
WJets	1050	1060	0.0265531	0.0247234
DY	1050	1060	0.223465	0.0532924
QCD	1060	1070	0.708547	1.00146
TT	1060	1070	0.0173048	0.00665135
WJets	1060	1070	0.0164742	0.0189888
DY	1060	1070	0.257674	0.0501697
QCD	1070	1080	-0.276402	0.0558055
TT	1070	1080	0.0073858	0.00423924
WJets	1070	1080	0.0387209	0.0291118
DY	1070	1080	0.230295	0.0474213
QCD	1080	1090	-0.205554	0.0446864
TT	1080	1090	0.00216056	0.00192634
WJets	1080	1090	0	0
DY	1080	1090	0.203393	0.0446449
QCD	1090	1100	-0.236882	0.0493712
TT	1090	1100	0	0
WJets	1090	1100	0	0
DY	1090	1100	0.236882	0.0493712
QCD	1100	1110	-0.253515	0.058195
TT	1100	1110	0	0
WJets	1100	1110	0.0260006	0.0238555
DY	1100	1110	0.227514	0.0530808
QCD	1110	1120	0.765128	1.00138
TT	1110	1120	0.00185753	0.00178615
WJets	1110	1120	0	0
DY	1110	1120	0.233015	0.0525738
QCD	1120	1130	-0.353795	0.0638609
TT	1120	1130	0.00353185	0.00333308
WJets	1120	1130	0.0240923	0.0235745
DY	1120	1130	0.326171	0.0592566
QCD	1130	1140	-0.219945	0.0497435
TT	1130	1140	0.00389969	0.002588
WJets	1130	1140	0.00722827	0.00492159
DY	1130	1140	0.208817	0.0494317
QCD	1140	1150	-0.197073	0.0448741
TT	1140	1150	0.00202317	0.00186409
WJets	1140	1150	0	0
DY	1140	1150	0.19505	0.0448353
QCD	1150	1160	-0.278174	0.0623555
TT	1150	1160	0.00509909	0.003721
WJets	1150	1160	0.0307623	0.0234923
DY	1150	1160	0.242312	0.0576409
QCD	1160	1170	-0.324583	0.0687889
TT	1160	1170	0.00851163	0.00519173
WJets	1160	1170	0.0313342	0.0237714
DY	1160	1170	0.284737	0.0643419
QCD	1170	1180	0.701346	1.00164
TT	1170	1180	0.0018969	0.00180498
WJets	1170	1180	0	0
DY	1170	1180	0.296757	0.0572505
QCD	1180	1190	-0.196455	0.0440471
TT	1180	1190	0.000412005	0.00114224
WJets	1180	1190	0.0017917	0.00626224
DY	1180	1190	0.194251	0.0435847
QCD	1190	1200	-0.337431	0.0667266
TT	1190	1200	0.0018292	0.00177248
WJets	1190	1200	0.0466448	0.031952
DY	1190	1200	0.288957	0.0585522
QCD	1200	1210	-0.226527	0.0533512
TT	1200	1210	0.0105146	0.00577035
WJets	1200	1210	0.027196	0.025047
DY	1200	1210	0.188817	0.0467515
QCD	1210	1220	-0.216225	0.0528367
TT	1210	1220	0.00375848	0.00344995
WJets	1210	1220	0.0697837	0.0398032
DY	1210	1220	0.142683	0.0345762
QCD	1220	1230	-0.290947	0.0540064
TT	1220	1230	0.00270139	0.00241963
WJets	1220	1230	0	0
DY	1220	1230	0.288246	0.0539522
QCD	1230	1240	-0.160377	0.0379463
TT	1230	1240	0.0018292	0.00177248
WJets	1230	1240	0.0228618	0.0229646
DY	1230	1240	0.135686	0.0301564
QCD	1240	1250	-0.221054	0.050023
TT	1240	1250	0.00304485	0.00210508
WJets	1240	1250	0.0514787	0.0344601
DY	1240	1250	0.166531	0.036199
QCD	1250	1260	-0.32237	0.0610147
TT	1250	1260	0.00396492	0.00260956
WJets	1250	1260	0.0136667	0.0176401
DY	1250	1260	0.304738	0.0583508
QCD	1260	1270	0.72914	1.00173
TT	1260	1270	0.00438446	0.00247747
WJets	1260	1270	0.06923	0.0399456
DY	1260	1270	0.197245	0.0430528
QCD	1270	1280	0.787308	1.00088
TT	1270	1280	0	0
WJets	1270	1280	0.0235669	0.0227116
DY	1270	1280	0.189125	0.0351518
QCD	1280	1290	-0.227097	0.0485979
TT	1280	1290	0.00373787	0.00253374
WJets	1280	1290	0.0346197	0.0275269
DY	1280	1290	0.188739	0.03997
QCD	1290	1300	-0.145466	0.0368076
TT	1290	1300	0	0
WJets	1290	1300	0.0156344	0.0143174
DY	1290	1300	0.129831	0.0339088
QCD	1300	1310	0.713946	1.00196
TT	1300	1310	0.00727063	0.00479835
WJets	1300	1310	0.0632231	0.0381892
DY	1300	1310	0.21556	0.0493978
QCD	1310	1320	-0.240638	0.0475665
TT	1310	1320	0.00182533	0.0017706
WJets	1310	1320	0	0
DY	1310	1320	0.238813	0.0475335
QCD	1320	1330	-0.196806	0.0458514
TT	1320	1330	0	0
WJets	1320	1330	0.014804	0.0180005
DY	1320	1330	0.182002	0.0421703
QCD	1330	1340	-0.179277	0.0440321
TT	1330	1340	0.00596612	0.00384499
WJets	1330	1340	0	0
DY	1330	1340	0.173311	0.0438639
QCD	1340	1350	-0.204762	0.0512855
TT	1340	1350	0	0
WJets	1340	1350	0.0477807	0.0327644
DY	1340	1350	0.156981	0.039455
QCD	1350	1360	-0.139873	0.0409182
TT	1350	1360	0.00182533	0.0017706
WJets	1350	1360	0.0461391	0.0322312
DY	1350	1360	0.0919087	0.0251459
QCD	1360	1370	-0.143258	0.0327604
TT	1360	1370	0.00292001	0.00205112
WJets	1360	1370	0	0
DY	1360	1370	0.140338	0.0326962
QCD	1370	1380	-0.178242	0.0431802
TT	1370	1380	0.0102289	0.00569141
WJets	1370	1380	0.0243857	0.0237176
DY	1370	1380	0.143628	0.0356316
QCD	1380	1390	-0.13206	0.0335026
TT	1380	1390	0.00688006	0.00403599
WJets	1380	1390	0	0
DY	1380	1390	0.12518	0.0332586
QCD	1390	1400	-0.208871	0.0522249
TT	1390	1400	0	0
WJets	1390	1400	0.0236405	0.022747
DY	1390	1400	0.18523	0.0470108
QCD	1400	1410	-0.17495	0.0342077
TT	1400	1410	0.00732504	0.00418388
WJets	1400	1410	0	0
DY	1400	1410	0.167625	0.0339509
QCD	1410	1420	-0.179663	0.0481142
TT	1410	1420	0.00429227	0.00353423
WJets	1410	1420	0.0502492	0.0340461
DY	1410	1420	0.125122	0.0338135
QCD	1420	1430	-0.198305	0.0457345
TT	1420	1430	0.00711734	0.00395919
WJets	1420	1430	0.0249639	0.0239971
DY	1420	1430	0.166224	0.0387312
QCD	1430	1440	-0.127165	0.0346296
TT	1430	1440	0.00337267	0.00326808
WJets	1430	1440	0.0212336	0.021558
DY	1430	1440	0.102559	0.0269032
QCD	1440	1450	-0.122858	0.0333134
TT	1440	1450	0.00372824	0.00343604
WJets	1440	1450	0	0
DY	1440	1450	0.11913	0.0331357
QCD	1450	1460	-0.15527	0.0322028
TT	1450	1460	0.00708014	0.00413958
WJets	1450	1460	0	0
DY	1450	1460	0.14819	0.0319356
QCD	1460	1470	-0.0920078	0.0255979
TT	1460	1470	0	0
WJets	1460	1470	0.00166385	0.00603467
DY	1460	1470	0.090344	0.0248764
QCD	1470	1480	-0.133178	0.0355606
TT	1470	1480	0	0
WJets	1470	1480	0.0215352	0.0217106
DY	1470	1480	0.111643	0.028164
QCD	1480	1490	-0.167553	0.0461359
TT	1480	1490	0	0
WJets	1480	1490	0.0619586	0.0372367
DY	1480	1490	0.105594	0.0272387
QCD	1490	1500	0.849135	1.00066
TT	1490	1500	0	0
WJets	1490	1500	0	0
DY	1490	1500	0.150865	0.0362775
QCD	1500	1550	0.310451	1.0035
TT	1500	1550	0.016664	0.00689793
WJets	1500	1550	0.0777371	0.038129
DY	1500	1550	0.595148	0.074204
QCD	1550	1600	0.601833	1.00213
TT	1550	1600	0.0077529	0.00423726
WJets	1550	1600	0.0757879	0.0418011
DY	1550	1600	0.314626	0.0499017
QCD	1600	1650	-3.41321	2.74573
TT	1600	1650	0.00696218	0.00469546
WJets	1600	1650	3.00369	2.74504
DY	1600	1650	0.402557	0.0616086
QCD	1650	1700	-0.357174	0.0605684
TT	1650	1700	0.00336553	0.00326462
WJets	1650	1700	0.0428154	0.0310506
DY	1650	1700	0.310993	0.0519012
QCD	1700	1750	0.693942	1.00139
TT	1700	1750	0.00830203	0.00490736
WJets	1700	1750	0.000624383	0.00369677
DY	1700	1750	0.297132	0.0524158
QCD	1750	1800	0.583734	1.00239
TT	1750	1800	0.00734367	0.00418337
WJets	1750	1800	0.0938042	0.0448585
DY	1750	1800	0.315118	0.0524725
QCD	1800	1850	-0.229817	0.0408641
TT	1800	1850	0.00262078	0.00240928
WJets	1800	1850	0.00722827	0.00492159
DY	1800	1850	0.219968	0.040495
QCD	1850	1900	-0.200593	0.039784
TT	1850	1900	0.0118619	0.00545413
WJets	1850	1900	3.7922e-06	0.000295766
DY	1850	1900	0.188727	0.0394072
QCD	1900	1950	-0.163703	0.0355952
TT	1900	1950	0.00369539	0.00295262
WJets	1900	1950	0.00126735	0.00488726
DY	1900	1950	0.15874	0.0351343
QCD	1950	2000	-0.0960406	0.037082
TT	1950	2000	0.00182533	0.0017706
WJets	1950	2000	0.0266737	0.0248053
DY	1950	2000	0.0675415	0.027507
QCD	2000	2100	-0.298721	0.0544049
TT	2000	2100	0.00958017	0.00530376
WJets	2000	2100	0.0691522	0.035012
DY	2000	2100	0.219989	0.0413028
QCD	2100	2200	-0.258022	0.0515942
TT	2100	2200	0.00192837	0.00181989
WJets	2100	2200	0.0537989	0.0327119
DY	2100	2200	0.202294	0.039857
QCD	2200	2300	-0.168583	0.0442486
TT	2200	2300	0	0
WJets	2200	2300	0.0407792	0.0255077
DY	2200	2300	0.127803	0.0361566
QCD	2300	2400	-0.135438	0.0333763
TT	2300	2400	0.0039211	0.00352379
WJets	2300	2400	0	0
DY	2300	2400	0.131517	0.0331898
QCD	2400	2500	-0.102705	0.027549
TT	2400	2500	0	0
WJets	2400	2500	0.00966996	0.00569247
DY	2400	2500	0.0930348	0.0269545
QCD	2500	6990	0.558371	1.00198
TT	2500	6990	0.00517558	0.00281981
WJets	2500	6990	0.0821537	0.0361799
DY	2500	6990	0.3543	0.0515203
QCD	800	6990	-0.656223	6.03489
TT	800	6990	2.03808	1.90777
WJets	800	6990	5.09914	2.75312
DY	800	6990	18.519	0.447906
