QCD	800	810	2360.73	49.3073
TT	800	810	4.49468	1.03472
WJets	800	810	21.6304	6.49063
DY	800	810	1.14389	0.105661
QCD	810	820	2499.21	51.0548
TT	810	820	4.43786	1.10164
WJets	810	820	32.3338	8.26873
DY	810	820	1.01587	0.0972477
QCD	820	830	2490.17	51.1891
TT	820	830	4.62103	0.627142
WJets	820	830	39.1142	9.21525
DY	820	830	1.09219	0.0996756
QCD	830	840	2631.89	52.2462
TT	830	840	5.73563	1.65046
WJets	830	840	29.3657	7.67666
DY	830	840	1.00921	0.095114
QCD	840	850	2632.95	52.1907
TT	840	850	4.83856	0.113766
WJets	840	850	28.3261	7.54014
DY	840	850	0.886618	0.0869904
QCD	850	860	2695.47	53.098
TT	850	860	6.45031	1.8737
WJets	850	860	36.074	8.76823
DY	850	860	1.00438	0.0939718
QCD	860	870	2599.84	53.1574
TT	860	870	8.50426	2.69167
WJets	860	870	63.4324	12.0602
DY	860	870	1.21999	0.107003
QCD	870	880	2718.37	53.417
TT	870	880	9.24952	2.94918
WJets	870	880	37.3851	8.86935
DY	870	880	0.999908	0.0941095
QCD	880	890	2730.31	53.2126
TT	880	890	11.1832	3.50159
WJets	880	890	25.4902	7.16306
DY	880	890	1.02057	0.0926183
QCD	890	900	2636.35	52.931
TT	890	900	5.74173	0.1234
WJets	890	900	49.7105	10.4241
DY	890	900	1.19718	0.107955
QCD	900	910	2671.01	53.1177
TT	900	910	8.2395	2.26419
WJets	900	910	43.6406	9.61001
DY	900	910	1.11463	0.101743
QCD	910	920	2662.11	52.2602
TT	910	920	6.07062	0.126729
WJets	910	920	22.8175	6.25324
DY	910	920	1.00027	0.0937054
QCD	920	930	2635.2	52.6298
TT	920	930	6.93746	1.33958
WJets	920	930	39.8058	9.22464
DY	920	930	1.05508	0.0977196
QCD	930	940	2618.82	51.8777
TT	930	940	5.99693	0.54477
WJets	930	940	23.1061	6.47978
DY	930	940	1.0806	0.100733
QCD	940	950	2529.52	51.6141
TT	940	950	6.647	1.05439
WJets	940	950	40.7803	9.214
DY	940	950	1.05306	0.0961852
QCD	950	960	2615	52.1493
TT	950	960	6.26891	0.12749
WJets	950	960	32.4108	8.03209
DY	950	960	1.31714	0.118164
QCD	960	970	2499.53	51.0099
TT	960	970	6.46646	0.128938
WJets	960	970	31.9563	7.93647
DY	960	970	1.04827	0.0974431
QCD	970	980	2440.22	50.3402
TT	970	980	6.36619	0.127636
WJets	970	980	29.3267	7.55706
DY	970	980	1.08776	0.107608
QCD	980	990	2366.5	49.6293
TT	980	990	6.44597	0.129119
WJets	980	990	29.903	7.68363
DY	980	990	1.15526	0.100672
QCD	990	1000	2445.69	50.519
TT	990	1000	7.13181	1.26571
WJets	990	1000	32.1403	8.03458
DY	990	1000	1.04192	0.0961355
QCD	1000	1010	2318.56	49.2264
TT	1000	1010	6.22328	0.124564
WJets	1000	1010	32.2137	8.07562
DY	1000	1010	1.00367	0.100422
QCD	1010	1020	2342.84	48.8501
TT	1010	1020	6.03322	0.123239
WJets	1010	1020	15.0414	4.61618
DY	1010	1020	1.08926	0.09904
QCD	1020	1030	2329.22	49.336
TT	1020	1030	6.53098	0.128408
WJets	1020	1030	32.0811	8.06295
DY	1020	1030	1.17059	0.100929
QCD	1030	1040	2297.78	48.6478
TT	1030	1040	6.24779	0.124964
WJets	1030	1040	21.7823	6.29159
DY	1030	1040	1.19038	0.101357
QCD	1040	1050	2209.26	47.8779
TT	1040	1050	6.30159	0.125271
WJets	1040	1050	26.3498	7.01927
DY	1040	1050	1.09191	0.102304
QCD	1050	1060	2165.79	47.7534
TT	1050	1060	8.34918	2.15814
WJets	1050	1060	32.8599	8.22899
DY	1050	1060	1.00533	0.0939067
QCD	1060	1070	2032.48	46.9782
TT	1060	1070	8.19842	2.0669
WJets	1060	1070	50.1423	10.5198
DY	1060	1070	1.18295	0.107248
QCD	1070	1080	2126.97	47.9135
TT	1070	1080	6.00228	0.120492
WJets	1070	1080	50.0182	10.5677
DY	1070	1080	1.00994	0.0964111
QCD	1080	1090	1974.19	45.5702
TT	1080	1090	6.00867	0.121052
WJets	1080	1090	31.719	7.97634
DY	1080	1090	1.08614	0.101447
QCD	1090	1100	2046.35	46.1284
TT	1090	1100	6.53844	0.955719
WJets	1090	1100	25.2114	6.92145
DY	1090	1100	0.902039	0.0904578
QCD	1100	1110	1905.03	44.9881
TT	1100	1110	6.02891	0.625686
WJets	1100	1110	35.9648	8.69097
DY	1100	1110	0.975863	0.0900989
QCD	1110	1120	1978.66	45.3071
TT	1110	1120	8.1264	2.18518
WJets	1110	1120	21.204	6.2407
DY	1110	1120	1.0069	0.09609
QCD	1120	1130	1857.24	44.1724
TT	1120	1130	7.78033	2.22171
WJets	1120	1130	27.0469	7.29788
DY	1120	1130	0.933721	0.0910162
QCD	1130	1140	1801.06	43.2348
TT	1130	1140	5.80119	0.117959
WJets	1130	1140	21.2444	6.34251
DY	1130	1140	0.894089	0.0872413
QCD	1140	1150	1769.6	42.7958
TT	1140	1150	5.6609	0.11563
WJets	1140	1150	19.7621	5.95475
DY	1140	1150	0.981217	0.0911462
QCD	1150	1160	1650.99	41.5478
TT	1150	1160	5.3447	0.112359
WJets	1150	1160	23.6242	6.72308
DY	1150	1160	1.03916	0.0959818
QCD	1160	1170	1717.19	42.2924
TT	1160	1170	5.46036	0.113755
WJets	1160	1170	22.5212	6.529
DY	1160	1170	0.825143	0.0862059
QCD	1170	1180	1694.8	42.2738
TT	1170	1180	5.23315	0.110533
WJets	1170	1180	28.1919	7.61909
DY	1170	1180	0.77251	0.0909784
QCD	1180	1190	1556.91	40.8211
TT	1180	1190	5.07032	0.108647
WJets	1180	1190	33.2159	8.38691
DY	1180	1190	0.804817	0.0859522
QCD	1190	1200	1594.22	40.4497
TT	1190	1200	4.87247	0.106108
WJets	1190	1200	14.0131	4.70701
DY	1190	1200	0.891843	0.0863646
QCD	1200	1210	1529.76	39.7024
TT	1200	1210	4.74358	0.104444
WJets	1200	1210	15.7307	5.02589
DY	1200	1210	0.766494	0.0814999
QCD	1210	1220	1517.58	39.5823
TT	1210	1220	4.98775	0.10732
WJets	1210	1220	15.8229	5.26681
DY	1210	1220	0.60741	0.0720826
QCD	1220	1230	1461.98	39.0827
TT	1220	1230	4.6896	0.103842
WJets	1220	1230	20.6004	6.28017
DY	1220	1230	0.733706	0.079667
QCD	1230	1240	1406.48	38.6317
TT	1230	1240	4.61748	0.103359
WJets	1230	1240	26.1829	7.37498
DY	1230	1240	0.722009	0.0820646
QCD	1240	1250	1400.31	37.8017
TT	1240	1250	4.67328	0.103454
WJets	1240	1250	10.2937	3.59915
DY	1240	1250	0.726147	0.0792883
QCD	1250	1260	1386.46	38.1021
TT	1250	1260	4.47981	0.100423
WJets	1250	1260	20.4358	6.30541
DY	1250	1260	0.622149	0.0710335
QCD	1260	1270	1345.26	37.3191
TT	1260	1270	4.40761	0.0995339
WJets	1260	1270	15.6767	5.16753
DY	1260	1270	0.65487	0.0739981
QCD	1270	1280	1281.01	36.342
TT	1270	1280	4.24817	0.0970703
WJets	1270	1280	13.0504	4.66072
DY	1270	1280	0.692404	0.0771569
QCD	1280	1290	1263.59	36.709
TT	1280	1290	4.27801	0.0986243
WJets	1280	1290	25.6171	7.31704
DY	1280	1290	0.517838	0.0648532
QCD	1290	1300	1208.43	35.1642
TT	1290	1300	4.29135	0.0986543
WJets	1290	1300	9.70816	3.675
DY	1290	1300	0.569353	0.0688107
QCD	1300	1310	1232.13	35.7768
TT	1300	1310	4.02989	0.0949542
WJets	1300	1310	15.1949	5.28809
DY	1300	1310	0.648505	0.0735464
QCD	1310	1320	1174.77	34.7358
TT	1310	1320	4.04345	0.0942112
WJets	1310	1320	10.5297	4.06969
DY	1310	1320	0.656806	0.0847759
QCD	1320	1330	1107.38	33.833
TT	1320	1330	3.60149	0.0891785
WJets	1320	1330	12.278	4.5451
DY	1320	1330	0.744483	0.0827841
QCD	1330	1340	1161.95	34.7116
TT	1330	1340	3.68884	0.0903677
WJets	1330	1340	13.7635	4.98804
DY	1330	1340	0.594392	0.0706179
QCD	1340	1350	1134.9	34.6341
TT	1340	1350	3.5477	0.0881938
WJets	1340	1350	20.057	6.36472
DY	1340	1350	0.498239	0.0641344
QCD	1350	1360	1129.13	33.9804
TT	1350	1360	3.59695	0.0883887
WJets	1350	1360	8.71378	3.55702
DY	1350	1360	0.5583	0.068241
QCD	1360	1370	1042.02	32.6848
TT	1360	1370	3.47717	0.0864704
WJets	1360	1370	9.02458	3.64469
DY	1360	1370	0.482333	0.0651627
QCD	1370	1380	998.981	32.669
TT	1370	1380	3.47412	0.0863031
WJets	1370	1380	20.987	6.57632
DY	1370	1380	0.557807	0.0700122
QCD	1380	1390	985.942	31.9339
TT	1380	1390	3.43046	0.0855802
WJets	1380	1390	11.094	4.33116
DY	1380	1390	0.533403	0.0670704
QCD	1390	1400	1032.74	32.5143
TT	1390	1400	3.25266	0.084079
WJets	1390	1400	8.60901	3.48857
DY	1390	1400	0.395183	0.0569898
QCD	1400	1410	977.4	32.0742
TT	1400	1410	3.05687	0.0810423
WJets	1400	1410	16.092	5.63406
DY	1400	1410	0.451208	0.0610785
QCD	1410	1420	899.023	30.4299
TT	1410	1420	3.13492	0.0815334
WJets	1410	1420	9.25705	3.7375
DY	1410	1420	0.584945	0.0741864
QCD	1420	1430	968.908	31.6984
TT	1420	1430	3.06678	0.0801109
WJets	1420	1430	11.6072	4.55822
DY	1420	1430	0.418305	0.0594726
QCD	1430	1440	917.04	30.8675
TT	1430	1440	2.92974	0.0787691
WJets	1430	1440	11.5598	4.5602
DY	1430	1440	0.470335	0.0628238
QCD	1440	1450	872.421	30.443
TT	1440	1450	2.98151	0.0798963
WJets	1440	1450	16.9616	5.81029
DY	1440	1450	0.636113	0.0863795
QCD	1450	1460	811.387	29.3245
TT	1450	1460	2.79778	0.0759096
WJets	1450	1460	15.3607	5.46962
DY	1450	1460	0.454766	0.0626351
QCD	1460	1470	791.45	29.3548
TT	1460	1470	2.81197	0.0767857
WJets	1460	1470	21.3203	6.75971
DY	1460	1470	0.41778	0.0603795
QCD	1470	1480	764.613	28.1282
TT	1470	1480	2.89126	0.0783683
WJets	1470	1480	8.9353	3.76646
DY	1470	1480	0.560426	0.0683035
QCD	1480	1490	790.255	28.8068
TT	1480	1490	2.76995	0.076161
WJets	1480	1490	12.4934	4.88052
DY	1480	1490	0.481558	0.0628971
QCD	1490	1500	770.547	28.2136
TT	1490	1500	2.55282	0.0731567
WJets	1490	1500	8.4948	3.7415
DY	1490	1500	0.405494	0.0593939
QCD	1500	1550	3594.68	61.3302
TT	1500	1550	11.9668	0.156777
WJets	1500	1550	53.8604	9.91708
DY	1500	1550	2.49508	0.145553
QCD	1550	1600	3054.35	56.6552
TT	1550	1600	10.3562	0.144277
WJets	1550	1600	50.2599	9.63172
DY	1550	1600	2.03783	0.132754
QCD	1600	1650	2652.29	53.2638
TT	1600	1650	9.46886	0.979157
WJets	1600	1650	57.405	10.7264
DY	1600	1650	1.83299	0.125491
QCD	1650	1700	2480.52	50.615
TT	1650	1700	8.49561	0.129477
WJets	1650	1700	28.2081	6.5456
DY	1650	1700	1.77482	0.123057
QCD	1700	1750	2210.67	48.12
TT	1700	1750	7.45097	0.119566
WJets	1700	1750	34.6645	7.84302
DY	1700	1750	1.21218	0.100435
QCD	1750	1800	1922.66	44.9981
TT	1750	1800	6.35426	0.110137
WJets	1750	1800	33.7248	7.7975
DY	1750	1800	1.25825	0.110065
QCD	1800	1850	1648.88	41.2112
TT	1800	1850	5.66915	0.103672
WJets	1800	1850	18.2704	4.93407
DY	1800	1850	1.17653	0.0987118
QCD	1850	1900	1503.56	39.2189
TT	1850	1900	5.18778	0.099196
WJets	1850	1900	14.2272	3.75594
DY	1850	1900	1.0206	0.0945377
QCD	1900	1950	1310.5	37.3325
TT	1900	1950	4.56993	0.0917482
WJets	1900	1950	27.0186	7.12019
DY	1900	1950	0.911416	0.0867446
QCD	1950	2000	1164.06	35.0945
TT	1950	2000	4.07383	0.0863153
WJets	1950	2000	22.9683	6.29355
DY	1950	2000	0.898228	0.0855846
QCD	2000	2100	1901.29	45.1297
TT	2000	2100	6.80718	0.110918
WJets	2000	2100	44.4881	9.09189
DY	2000	2100	1.41175	0.107216
QCD	2100	2200	1608.18	40.9375
TT	2100	2200	5.20582	0.0954206
WJets	2100	2200	24.2607	6.07126
DY	2100	2200	1.34853	0.105619
QCD	2200	2300	1292.56	37.0711
TT	2200	2300	3.9452	0.0822863
WJets	2200	2300	27.6159	7.01789
DY	2200	2300	0.883285	0.0848693
QCD	2300	2400	969.765	32.0671
TT	2300	2400	3.08254	0.0725173
WJets	2300	2400	20.4008	5.8553
DY	2300	2400	0.751275	0.0769774
QCD	2400	2500	814.2	29.3094
TT	2400	2500	2.46014	0.0640059
WJets	2400	2500	15.7441	5.10234
DY	2400	2500	0.595725	0.0673649
QCD	2500	6990	3332.79	59.4506
TT	2500	6990	8.97787	0.117542
WJets	2500	6990	75.8341	10.6461
DY	2500	6990	3.40144	0.159303
QCD	800	6990	155673	403.507
TT	800	6990	472.265	8.28721
WJets	800	6990	2237.36	65.4559
DY	800	6990	81.574	0.849124
