QCD	800	810	20501.2	146.456
TT	800	810	27.4183	2.09002
WJets	800	810	297.694	24.674
DY	800	810	9.65451	0.292002
QCD	810	820	21181.1	149.235
TT	810	820	30.9474	3.04846
WJets	810	820	336.833	26.5066
DY	810	820	10.0826	0.310883
QCD	820	830	21533.8	151.088
TT	820	830	31.5504	2.53934
WJets	820	830	395.326	29.1559
DY	820	830	10.3518	0.310452
QCD	830	840	22038.8	151.965
TT	830	840	31.2163	1.02806
WJets	830	840	330.984	26.0825
DY	830	840	10.9539	0.322349
QCD	840	850	22158	152.783
TT	840	850	32.3529	1.4869
WJets	840	850	367.351	27.7706
DY	840	850	11.3264	0.323017
QCD	850	860	22344.3	153.283
TT	850	860	35.425	2.30971
WJets	850	860	358.758	27.2081
DY	850	860	11.4697	0.325239
QCD	860	870	22178	152.903
TT	860	870	33.8895	0.300558
WJets	860	870	376.213	27.9144
DY	860	870	11.8674	0.332279
QCD	870	880	22369.6	154.074
TT	870	880	38.4241	2.40136
WJets	870	880	421.114	29.8674
DY	870	880	11.8253	0.331897
QCD	880	890	22277.8	153.079
TT	880	890	41.8495	3.38722
WJets	880	890	359.582	27.0288
DY	880	890	11.7789	0.334667
QCD	890	900	22606	154.262
TT	890	900	38.9092	0.321527
WJets	890	900	372.769	27.7033
DY	890	900	11.3092	0.333452
QCD	900	910	22526.3	153.645
TT	900	910	41.8415	2.54666
WJets	900	910	339.83	26.0788
DY	900	910	12.0549	0.331923
QCD	910	920	21836.5	151.61
TT	910	920	45.2241	3.38414
WJets	910	920	356.097	26.9099
DY	910	920	12.1691	0.336469
QCD	920	930	21919.7	151.438
TT	920	930	41.0178	0.327873
WJets	920	930	322.392	25.2644
DY	920	930	11.8885	0.329573
QCD	930	940	21797.6	151.609
TT	930	940	46.2251	3.10858
WJets	930	940	369.286	27.394
DY	930	940	11.934	0.326542
QCD	940	950	21309.7	149.936
TT	940	950	43.5688	1.91389
WJets	940	950	367.108	27.2941
DY	940	950	11.6297	0.322613
QCD	950	960	21007.9	148.854
TT	950	960	46.8182	3.4751
WJets	950	960	358.538	26.8578
DY	950	960	10.7157	0.321601
QCD	960	970	20574.4	146.863
TT	960	970	44.3786	2.06132
WJets	960	970	316.902	24.8495
DY	960	970	11.3552	0.321577
QCD	970	980	20467.1	146.473
TT	970	980	52.3866	4.53741
WJets	970	980	306.18	24.4027
DY	970	980	12.3649	0.34593
QCD	980	990	19958.3	145.246
TT	980	990	42.9073	0.330232
WJets	980	990	358.72	26.9107
DY	980	990	12.1027	0.335128
QCD	990	1000	19741.8	144.528
TT	990	1000	43.0465	0.330563
WJets	990	1000	360.701	27.0411
DY	990	1000	11.4239	0.318963
QCD	1000	1010	19248.9	142.081
TT	1000	1010	43.7882	1.46606
WJets	1000	1010	299.009	24.1205
DY	1000	1010	11.3277	0.321967
QCD	1010	1020	18711.1	140.568
TT	1010	1020	42.7028	0.638333
WJets	1010	1020	333.097	25.7066
DY	1010	1020	11.0683	0.316011
QCD	1020	1030	18287.1	138.85
TT	1020	1030	43.5304	0.702477
WJets	1020	1030	315.847	24.9129
DY	1020	1030	11.5174	0.322219
QCD	1030	1040	18107.5	138.133
TT	1030	1040	42.7575	0.326197
WJets	1030	1040	308.066	24.7104
DY	1030	1040	11.7099	0.328768
QCD	1040	1050	17446.6	136.341
TT	1040	1050	42.1786	0.322339
WJets	1040	1050	356.965	27.0469
DY	1040	1050	11.2141	0.325279
QCD	1050	1060	17314.1	134.46
TT	1050	1060	41.8048	0.32063
WJets	1050	1060	250.32	21.502
DY	1050	1060	10.7696	0.313034
QCD	1060	1070	16930.9	133.562
TT	1060	1070	41.5816	0.393342
WJets	1060	1070	290.323	23.779
DY	1060	1070	10.2266	0.302714
QCD	1070	1080	16262.9	131.457
TT	1070	1080	41.1371	0.316226
WJets	1070	1080	321.766	25.3918
DY	1070	1080	10.2194	0.302712
QCD	1080	1090	16091.6	130.537
TT	1080	1090	41.7657	1.27833
WJets	1080	1090	300.293	24.3749
DY	1080	1090	10.3407	0.311056
QCD	1090	1100	15605.2	128.531
TT	1090	1100	40.0757	0.310573
WJets	1090	1100	292.74	23.9182
DY	1090	1100	10.0028	0.300881
QCD	1100	1110	15022.4	125.824
TT	1100	1110	38.9968	0.305991
WJets	1100	1110	260.628	22.3517
DY	1100	1110	9.96523	0.294358
QCD	1110	1120	14895.7	124.801
TT	1110	1120	38.7814	0.303946
WJets	1110	1120	224.298	20.1493
DY	1110	1120	10.1923	0.302189
QCD	1120	1130	14625.7	124.073
TT	1120	1130	38.7753	0.303382
WJets	1120	1130	249.481	21.6772
DY	1120	1130	10.0031	0.300371
QCD	1130	1140	13895.5	121.027
TT	1130	1140	37.9421	0.299684
WJets	1130	1140	244.036	21.4583
DY	1130	1140	9.48688	0.288448
QCD	1140	1150	14055.1	121.756
TT	1140	1150	37.1562	0.29467
WJets	1140	1150	247.333	21.8028
DY	1140	1150	9.43235	0.291012
QCD	1150	1160	13359.4	119.028
TT	1150	1160	38.831	2.39338
WJets	1150	1160	255.312	22.3359
DY	1150	1160	9.47374	0.292242
QCD	1160	1170	13212	118.3
TT	1160	1170	38.2902	2.20956
WJets	1160	1170	247.945	21.9729
DY	1160	1170	8.74113	0.284177
QCD	1170	1180	12850.1	116.251
TT	1170	1180	36.1911	1.50538
WJets	1170	1180	216.762	19.9974
DY	1170	1180	8.93905	0.283141
QCD	1180	1190	12323.1	115.234
TT	1180	1190	34.8131	0.283644
WJets	1180	1190	299.679	24.752
DY	1180	1190	8.44116	0.271575
QCD	1190	1200	11795.6	112.207
TT	1190	1200	35.4372	1.47338
WJets	1190	1200	250.289	22.3217
DY	1190	1200	8.64524	0.274086
QCD	1200	1210	11940.8	112.242
TT	1200	1210	35.1561	1.97219
WJets	1200	1210	211.773	19.9585
DY	1200	1210	8.31728	0.274914
QCD	1210	1220	11438.1	110.194
TT	1210	1220	32.6746	0.273061
WJets	1210	1220	226.779	20.8923
DY	1210	1220	8.43219	0.276092
QCD	1220	1230	11277.8	108.819
TT	1220	1230	31.4682	0.266226
WJets	1220	1230	185.47	18.3969
DY	1220	1230	8.23428	0.26768
QCD	1230	1240	11044.2	108.351
TT	1230	1240	31.6624	0.266801
WJets	1230	1240	223.767	20.8016
DY	1230	1240	7.38896	0.252558
QCD	1240	1250	10743.6	106.41
TT	1240	1250	30.7864	0.26319
WJets	1240	1250	190.884	18.7064
DY	1240	1250	7.77252	0.259897
QCD	1250	1260	10529.2	104.939
TT	1250	1260	29.8454	0.2583
WJets	1250	1260	161.32	16.8539
DY	1250	1260	7.63864	0.256703
QCD	1260	1270	9923.63	102.964
TT	1260	1270	29.5225	0.256066
WJets	1260	1270	216.142	20.6242
DY	1260	1270	6.70738	0.244286
QCD	1270	1280	9688.41	101.589
TT	1270	1280	28.7024	0.251855
WJets	1270	1280	203.365	19.8038
DY	1270	1280	7.51861	0.263898
QCD	1280	1290	9446.43	100.12
TT	1280	1290	28.1895	0.249519
WJets	1280	1290	187.551	18.8366
DY	1280	1290	6.82482	0.242549
QCD	1290	1300	9075.88	97.8943
TT	1290	1300	27.2966	0.245065
WJets	1290	1300	166.707	17.4977
DY	1290	1300	7.1116	0.248765
QCD	1300	1310	8913.13	97.6692
TT	1300	1310	26.7078	0.241389
WJets	1300	1310	201.295	19.7778
DY	1300	1310	6.86861	0.243718
QCD	1310	1320	8686.16	96.6118
TT	1310	1320	25.9753	0.238076
WJets	1310	1320	206.335	20.2169
DY	1310	1320	6.52619	0.238572
QCD	1320	1330	8505.48	95.2006
TT	1320	1330	25.6905	0.235957
WJets	1320	1330	181.016	18.5484
DY	1320	1330	6.81547	0.244006
QCD	1330	1340	8514.73	94.3504
TT	1330	1340	27.4116	2.15353
WJets	1330	1340	130.406	14.775
DY	1330	1340	6.45616	0.238135
QCD	1340	1350	7950.34	91.9099
TT	1340	1350	24.5504	0.230402
WJets	1340	1350	162.816	17.4163
DY	1340	1350	6.29215	0.235753
QCD	1350	1360	7909.96	90.96
TT	1350	1360	23.9281	0.227005
WJets	1350	1360	124.714	14.4437
DY	1350	1360	6.39581	0.233657
QCD	1360	1370	7719.5	90.3946
TT	1360	1370	23.2422	0.222907
WJets	1360	1370	148.789	16.525
DY	1360	1370	6.47002	0.23535
QCD	1370	1380	7370.07	88.7896
TT	1370	1380	23.0909	0.221607
WJets	1370	1380	166.499	17.8467
DY	1370	1380	5.34234	0.21249
QCD	1380	1390	7205.31	87.4175
TT	1380	1390	21.966	0.215547
WJets	1380	1390	143.702	16.2702
DY	1380	1390	6.02138	0.22481
QCD	1390	1400	6977.36	85.839
TT	1390	1400	21.9909	0.215765
WJets	1390	1400	130.267	15.2724
DY	1390	1400	5.37821	0.216256
QCD	1400	1410	6910.86	85.2928
TT	1400	1410	21.4549	0.213036
WJets	1400	1410	122.554	14.6549
DY	1400	1410	5.1268	0.207882
QCD	1410	1420	6787.53	84.6069
TT	1410	1420	20.676	0.208473
WJets	1410	1420	124.138	14.8405
DY	1410	1420	5.65979	0.218632
QCD	1420	1430	6491.12	83.3258
TT	1420	1430	20.1788	0.205138
WJets	1420	1430	146.368	16.7362
DY	1420	1430	5.33804	0.214889
QCD	1430	1440	6501.8	83.1393
TT	1430	1440	19.6905	0.202953
WJets	1430	1440	134.527	15.8448
DY	1430	1440	4.98418	0.20753
QCD	1440	1450	6175.05	80.8213
TT	1440	1450	18.9144	0.197971
WJets	1440	1450	120.102	14.5947
DY	1440	1450	4.93461	0.205066
QCD	1450	1460	6025.52	79.6853
TT	1450	1460	18.5603	0.196501
WJets	1450	1460	110.801	13.772
DY	1450	1460	5.11605	0.214801
QCD	1460	1470	5838.28	79.2675
TT	1460	1470	18.1218	0.194035
WJets	1460	1470	143.749	16.6812
DY	1460	1470	4.85104	0.202739
QCD	1470	1480	5775.94	78.2887
TT	1470	1480	17.8883	0.19082
WJets	1470	1480	117.433	14.5962
DY	1470	1480	4.73976	0.203817
QCD	1480	1490	5521.89	77.115
TT	1480	1490	17.4438	0.189268
WJets	1480	1490	138.038	16.2678
DY	1480	1490	4.62631	0.200869
QCD	1490	1500	5394.45	76.3739
TT	1490	1500	17.0739	0.187225
WJets	1490	1500	140.933	16.6103
DY	1490	1500	4.54735	0.196839
QCD	1500	1550	24976.3	163.075
TT	1500	1550	81.9808	2.44937
WJets	1500	1550	533.522	31.2108
DY	1500	1550	21.1482	0.428696
QCD	1550	1600	22020.7	152.578
TT	1550	1600	70.4807	0.375158
WJets	1550	1600	428.252	27.2351
DY	1550	1600	18.5934	0.398611
QCD	1600	1650	19080.1	141.993
TT	1600	1650	61.6059	0.348472
WJets	1600	1650	373.009	25.0934
DY	1600	1650	17.2655	0.384274
QCD	1650	1700	16854.8	133.621
TT	1650	1700	53.4162	0.321588
WJets	1650	1700	343.629	24.2331
DY	1650	1700	15.1088	0.358263
QCD	1700	1750	14671.5	124.598
TT	1700	1750	47.0917	0.299567
WJets	1700	1750	295.887	22.2795
DY	1700	1750	13.4755	0.337712
QCD	1750	1800	12979.4	117.641
TT	1750	1800	41.1563	0.278822
WJets	1750	1800	295.059	22.6126
DY	1750	1800	12.393	0.328185
QCD	1800	1850	11368.1	110.161
TT	1800	1850	36.6033	0.261723
WJets	1800	1850	262.835	21.3618
DY	1800	1850	11.5039	0.311929
QCD	1850	1900	9848.16	102.578
TT	1850	1900	32.2995	0.243652
WJets	1850	1900	234.045	19.9537
DY	1850	1900	9.49366	0.280975
QCD	1900	1950	8741.68	96.6131
TT	1900	1950	28.7335	0.230553
WJets	1900	1950	206.657	18.6535
DY	1900	1950	8.93349	0.274157
QCD	1950	2000	7739.4	90.8845
TT	1950	2000	24.7621	0.211207
WJets	1950	2000	182.967	17.4609
DY	1950	2000	7.87537	0.255417
QCD	2000	2100	12868	117.481
TT	2000	2100	41.3307	0.27139
WJets	2000	2100	325.834	23.5088
DY	2000	2100	13.7864	0.3396
QCD	2100	2200	10082.1	103.913
TT	2100	2200	31.7308	0.235373
WJets	2100	2200	254.065	20.4648
DY	2100	2200	11.0992	0.30144
QCD	2200	2300	8029.44	92.0186
TT	2200	2300	24.7017	0.206569
WJets	2200	2300	167.593	15.3719
DY	2200	2300	9.26674	0.275074
QCD	2300	2400	6390	82.5063
TT	2300	2400	19.2297	0.180231
WJets	2300	2400	154.565	15.369
DY	2300	2400	7.20463	0.240508
QCD	2400	2500	4883.38	72.6233
TT	2400	2500	14.9891	0.158914
WJets	2400	2500	140.559	15.1351
DY	2400	2500	6.07675	0.219044
QCD	2500	6990	18668.4	140.989
TT	2500	6990	54.1833	0.289712
WJets	2500	6990	496.004	25.1346
DY	2500	6990	27.4123	0.452966
QCD	800	6990	1.19585e+06	1124.35
TT	800	6990	2990.09	12.355
WJets	800	6990	22199.3	205.265
DY	800	6990	829.048	2.70774
