QCD	800	1100	9.19224	3.32018
TT	800	1100	0.471834	0.097789
WJets	800	1100	0.192735	0.0416031
ST	800	1100	0	0
DY	800	1100	1.1432	0.111049
Diboson	800	1100	0	0
QCD	1100	1430	5.4162	2.6504
TT	1100	1430	0.306473	0.0788118
WJets	1100	1430	0.187537	0.0431496
ST	1100	1430	0	0
DY	1100	1430	1.02616	0.0977844
Diboson	1100	1430	0.063631	0.0834867
QCD	1430	6990	2.61796	2.00337
TT	1430	6990	0.1974	0.0632513
WJets	1430	6990	0.232571	0.0516963
ST	1430	6990	0.000207502	0.00133089
DY	1430	6990	0.951344	0.0822745
Diboson	1430	6990	0.000519961	0.00754689
QCD	800	6990	17.2264	4.69699
TT	800	6990	0.975707	0.140623
WJets	800	6990	0.612843	0.0791531
ST	800	6990	0.000207502	0.00133089
DY	800	6990	3.1207	0.169301
Diboson	800	6990	0.064151	0.0838271
