QCD	800	850	1653.16	41.4326
TT	800	850	4.37375	0.109151
WJets	800	850	29.4483	5.15975
DY	800	850	3.02071	0.170089
QCD	850	900	1768.04	42.9911
TT	850	900	5.29159	0.118879
WJets	850	900	36.5067	5.93219
DY	850	900	3.16021	0.171783
QCD	900	950	1729.39	42.9554
TT	900	950	5.90553	0.125404
WJets	900	950	45.9725	7.7532
DY	900	950	3.73376	0.193211
QCD	950	1000	1635.11	42.1536
TT	950	1000	6.14698	0.126426
WJets	950	1000	54.308	8.82445
DY	950	1000	3.43519	0.191721
QCD	1000	1050	1495.81	40.0691
TT	1000	1050	6.03545	0.124408
WJets	1000	1050	44.0797	7.51593
DY	1000	1050	3.07221	0.17379
QCD	1050	1150	2420.65	50.5876
TT	1050	1150	10.5645	0.162612
WJets	1050	1150	64.2415	7.61786
DY	1050	1150	5.54609	0.224687
QCD	1150	1250	1775.77	44.0222
TT	1150	1250	8.77037	0.144967
WJets	1150	1250	65.3351	9.1596
DY	1150	1250	4.1225	0.192779
QCD	1250	1350	1398.25	39.1372
TT	1250	1350	6.73799	0.124835
WJets	1250	1350	53.1914	8.34679
DY	1250	1350	3.82188	0.184501
QCD	1350	1450	1016.65	33.0785
TT	1350	1450	5.00171	0.105904
WJets	1350	1450	34.5017	5.92892
DY	1350	1450	2.84815	0.155899
QCD	1450	1550	801.532	29.0466
TT	1450	1550	3.66795	0.0892584
WJets	1450	1550	21.8148	3.83189
DY	1450	1550	1.98516	0.128441
QCD	1550	2050	1809.17	44.7196
TT	1550	2050	8.76914	0.135244
WJets	1550	2050	80.8505	9.78663
DY	1550	2050	5.21282	0.210853
QCD	2050	6990	687.047	27.9549
TT	2050	6990	2.89221	0.0748319
WJets	2050	6990	40.5691	6.96062
DY	2050	6990	2.49208	0.140757
QCD	800	6990	18190.6	139.787
TT	800	6990	74.1571	0.423496
WJets	800	6990	570.819	25.7284
DY	800	6990	42.4508	0.624092
